$ANSIBLE_VAULT;1.1;AES256
66343438616330363161316431393064623530356439356337303439313465306466666633656165
6533366133333964653138623534393561373935663463320a346136393664303763366530353238
61643639623636623066386139306361656263643832353631313865336362356337373439383766
6136663032613065300a303766633833663030613136376132613063333833343834383131653031
38336631333334623061623863666133336632383837633433346535363138346262633536666138
63316465356532613836653865666139313137366432333633323231373735303432643863383839
33323162363462363565326634303339343035326231366265663365653433653933333037633836
63306331623335326163373437613065353436613161306138303866313230633738343765633361
33653332646562663262303330353363663266376532376334613834363665333966326439356231
37643732366234656538616436623136366334356139633936343361316139373937333934373334
65616133376238383564656362346535626666613430396264663633366165363235316537633162
39633137373830303165326431313761306137333936663931363666383737383939376365613664
37373261343134323235626461653231626639323136646662616465366638326432336166343231
37383462313061626432396438393133623961346465366235613333633938353438303963666362
32393639316162386161356266633630666638633061373336376662616333643932303132613761
61626538656164313536363730336139613835363564383561373739306433363064366537663833
64636366626138623739303666623131643666393537366465333534373735636239316363616436
62346636636134383938346566343638313036333430323563393037633534643362343539306464
31356235323962323836636532376265623736326134343139303965643062663831386134386664
37323434313331333165653462666438306236346465366538343833616566333035393333393331
34373862653062343866316533393064623838333333653139353130353230326231316638343738
38313630326230663539346665363032643138656663613564396532303931636162633835663537
33666334616362653434303937343331633734643062303536363164346531313361366633343234
37393835613666386362386234336333313432393865613038303061333735663264636339643830
63356162613636396437303234636338623037333032333762316561346631646132353062636236
63646335303764636164316333623761656338616430653737346364333739663031393239393538
37366535616537333338653139303139633037373537663462633831393037626536393839353166
30636235623530653237353563643264373530623366393238666437616131363232323430313264
30356134346465346532383864636362623234653864656463343830303264376232336463643661
34666230616530626462626261636462646465633334383261663936306632346365653532666238
61643664623539306438626362333832316131363933633933616539353135366132616462353264
30363833303365373137633032646530386262666438303735646663653439646165663765343462
36306235643732346138636337386433343339303565383763313835343063323536623131383964
34363766303636373831643433383261323861633564383665636234656630366661666666613836
32356466363835323836656633326636653164346535353438663963613763313334626437666235
63613461383061636464636362386635623832616265383265303162663630616134313361633165
36656561663339336531653733666563363632373937346365313934373831383838393563643330
35356636306131353664386639386235653430333262656163626230313130386666326464366234
66306435393036383832383835366633353837616564386435353438353335663465343663303737
36346465636134323262393262663738643836376138313561326536303738653230323463646664
62316139633965383938323037383132343064346337333236663766376633363339383563316164
31633138323838363566643463326533303931373331346331633133653264346462613535666230
61356130613765306362363136366466313764626162613631396231373063646461373735396531
62333535326639343335666339373635623566343034643535363663616437323734363863346135
63303739393939353466363165643162616561636465613361653338393932316532383733633261
32623037663234656231313230353636626439613139386237303730313766383634343363336438
36613337616434313165383638306631656533363534336635626430316231653630316561313663
37373438393562616435356531653835343431313836396437333634663861313032383532306633
31306430366662303237326563616637666564306232343165346566633666313061613537666462
36393531353663303463383466326237363737363962626337656139366633316631623135666365
64383037663031313861393164613761303533386538346162616662353135666263663366333862
39326664646163653761633837333165373666646136623133396565343139616335323064356138
64666636663265623534333862303164336235306335313739393164646435313137373963343464
39353164353233323339623532663763366432303734353037633863306233386133323463633538
39653962306439633461386631343038623563366336313238383939626536633335663634646239
35323632336633336465646431303663663533663066643033393533646566326639393931633136
38663961636536353263353037643838343634303464303934323831396530616538633834643466
61623437613464333764333366636364383066393964333734623436373063366336303739623138
65343566393631326334343832386335306232633763616234363334393339373233373133326432
33303535653565373935616533653362326462343839616562653432393734626436636264653065
34316637663961643835376238656432613139303339346563313264383761396239333934616631
63666238383634313338376135393261643231366561383462626161373236366664353634393736
31323731663939663736333666663439666461653138383436336165613638643930353662636563
34643538306536343563383766636438376261643061396334346664663162653762373730383163
37653835656365343464666263303739663762383039333131393466663139383134383964616532
62626462663466656532663762636633356466363233373764363061396533373639373565333330
65333536613163636337346335623963343264383430626331323535343434636363656165616633
32366633323133313938313730393566633734326431383330653437353663313263316539306130
33373131386232323539626236303437393236393834373662366231316664303665663062663133
31353138636433343039613463616433323363653733336239353566623632376637643235653862
31336261363962316362323232646639373431393338643232376261623138383236373665363161
63336137616462306231613231383739323534646435376134333362363864643166663935346633
32313531383837383533343561303333303463646662333530333832373335343234316566633266
64643632323039316536663330393334393138363464633531396530653762613434353830366463
31343632333764633361636134626430336537653233393835356464633431373337383737393539
65383964356166373536363936656338343539326664636532386134663663373332356231353633
33343030633238353936643030326230303165343038306533336637363463616466633166663464
63633637353335623832343961376537376362666536326236323437613264316633396136383962
36663361366234666533616436313133363833656664353837363831326336396464333039363665
34333530356134653539393465636635663031396664656265313762353531613131393733623934
66626532393862343538633733393565326666316235636635326635346363656530373665306532
33633939326361646362356135346663346265633461626430646666623431343265343736366666
31336166613762653236396130666232323763333765366666623536376433336138366139636133
38626463303235383763653766396564643036333239336236326333646262386435373761346165
32313961666162356430363062613839636361643131633163623734376532356433373536386164
36306530376461623235623164653735353661323430613535666366393834346635646163633163
65636366316665313533343338356235633539313030373032333638353832396363646461633964
61346235393438343533363462393939323236653265666438323966323539653966393136616263
35666633613538616265376237666162653231373738326431386432623031366433313664306630
62383865393338366338666264303632613935353233666132303733643866323462666266376265
35303632623537313132633334306537613638653334626461386637383666633831393038393133
65383134396431356562373631303935636363663738636465646665396437663663626565613736
38376632623735633864323961323466383236626561343536373233633439656438396232633664
37666165376561623533336132666662323366346139306539613062343332663162656362333661
36353937343034353736663232636631346138346239336431613466333633656338343966613661
31656565363063666534366332383836326635393364313866373662646630366334636665633430
32356263386435353831623163316132383638346231313831316437373063316238333164373537
65306664333136623732383834333462303739633233336335353334633235373162653135383866
34636635656330333063656635623764626431663534353634363237373062386361366138306264
39646239653438663461336336333735616166353635363333353536363264356231616635316366
34393634393961383762663835303761323964393662303332313438313430643338653332303661
37333830663465313263326134316634376238323331303461666264633832306636633966303962
36373639653765333633653731363431313364386133376430336234323566663630306139306434
36316236396234363566623764656539316530626434353462366566666231323830653333376639
39393034303061643766343265386639636236346263623539616366633037373531356462633166
65393737336662366331303664396633313131373937313636303266623564313866653064346161
64666632306563626636366133613432313137303366623338663235376133336138623630636661
62333839616466626561633932653732306365613232623036663230636439376165623236356330
39303738616361653731343364343764623734633035636533623266306331333166336632396166
30303137633665613836333434633661396339643237326431356365336539336431643361623463
63346431326331373832623166336336643034626539376136306139393363316130653739323463
62666563653663616564373433336565616235383636346338306464646135343632626131313862
64613164616461393434336235623966346537653961663931396135623532333633616264303838
38643061313236646335636534343865623461323764353063313934353837633336633034643036
38633039386333636436373138353633626232656135303034313866316638656262393263613137
30333239356336336330306366623139623033646130393163613631313164383330333932333062
63643437643835393437306265306462303335343431663639313531346232363835653363373662
33613662636634623466316236313937616335666434386131613666353861316337646432343764
36626333396336653938633938613237613563333161383032346261396432326534386337393134
65323934326333316263373538376461623732356637633563306335666235373462623038303762
34663164393161353731613133343730393531616364656336643763613262383232303462653738
63373336363661653939663765353130653662333439643433613433316237323936626231393064
36333562353031366339383536366365383730633261383861316334613730303931333964336562
30613865663161316636386165313761343963643166613531663664396239336162363561303061
39393963346632656339613636653634376132323530623236623632306432323136366633396662
66663166386139366662303837353934323532376530616164356161323065343363386336633939
39316239306166666635643035396433663231303135613562373133353935646236346637653862
39383333363866383234393961663439333262313732346261326239343031316365636238666635
35363164613439623363643466396334343664386262393061303634363935316332313334366439
34616462333162353562383661303962363961623639393039323330323038346462336237333034
66666565646264623839313465373664313562626632306662383462663034363539326638333538
61323736613439663634303662323636306337643362613630653634333633346135363465346133
38313634363662633361363863386366646138326364636134616439636233356436393734663530
31303866663865396663393066306232353538636232616135373963366136363033313638323237
63623639653139363362666333366165643565383537346633386632346438616437353339333630
65333964373539343830663466616165653665613164386430663938616162656563633435613532
37353565366366393666326666653635376263626430646139356634323162663433623462633135
33633534343132653032373961613630376539323232343464363936333939356365663431393431
63363531653763353437636461633636653937303434356537386461663830663230353338653164
30623638666135666132303565636537303137653439383532613433613238656564666362653934
64653737393238396134346131356566376462363161353634646530623461383531313766636161
36373130623465643763393061323239336263323031303632316630386134313735323965363965
64303664323332646634333736373364333033396463323632636265666533326566646166343165
31366234346639366632636366666663383664346438393434633231353738356237303838636464
32396531363231666466343066633466613231643331363039363266643537636436343066333962
31346536323433636366646536393532343038623430303834333966663462646563393838333865
64656234396261303833643731623736343865363437616465323366646431333466613562343065
39613834393533323931326535336432373132353931633065623134633465396164646530653063
65353964396366373439353536383063376638323162613766643237353930363862383533356636
39633534616564333032373331383436316135646230346539383663623831336430303535366364
39666239386239666665376164336236656538353232666138313932623231666138656639616236
37646464313039613434663561616566663035636262316164393265346236373839613966386530
31393833623761666664336466663231316331383766343232366166363562313839653333323538
62313639633466653433643830663361313434643730393339353838373536396532633037316631
31623432393633643032653761656238333934343030396436353232373864343332303764303061
37336633336339653664396565616362373466353464633831343431373666623462656636636563
65346565643464646636373631323462366130376364666162393363323632363636303630313236
64353239366334303135626330303036383665306137666166373761316231303430623333653062
39393931353632376564303335376530346439323739306633353935326635306463353735383536
37333763616539383938376363666133636562313033353337653763646562633661316464313736
39333865353362316335636664333639353036356332373033643261333964623136363439666439
62313064653237343061393661653933396632653239663666333432323865363866616431313735
65333964623764313763373161303166646663633237653232656265363731633864396434626530
38356233626339313032653939313334663139623838326661353962653432316365333236346665
33386665656134373866626336393938623935333434666431343464386131343564653132653930
34326461316238646132653433316430643439623934623536393938386135636235626263386632
33383266316230366434383263373737643461633962306462393932346435323665363639383138
38646434363833396665373365343032663931386362393730656436303230303931633237386639
32666561613635363436666537313634663131643338643536313839653964316662376238363230
66306138366137313939336162353065366238663231393932333165343231643464336438636233
30353635653938666666306133373930623937616230373430656663353364656563613135613933
64373438383736626331343736623337336664643138303266313562343634343466306131653766
63376632313137333535356234363032613164366565363936386330663738643738323233626566
62333965633666616131373733373832366166393639636663626332336532646161346430386665
38333135326134656665376634366233333536353033343964313463363065333962383464313137
64633730613365323836616430653263386661303430383333333339663430663736656330666530
32643230316238653365323762356538636331316632626234333733666138386438303230313562
62613638613137336233623537303439653639303166616165653338393732326366613934303639
30393833666466323064363366613664623831376639343832366165383236376362343737663533
32383662653563383063613638663239323135343465613230323438353435323436626335303937
34346364653032373034336639663939396236636464643039396635366362333631386165396666
65623662353331326233343632386636383765653034643131353637633961613665326237353938
30633130623038636534393966356636303938633530383165366464666662393361313437666431
38616330323138373338663430366330653736666236353364353830646166656139353365326164
32386563613435306639353764346230326638303034653432623933633630646364336437346633
39643737383336386531393331316563626431623565656239316333653362323565333062373832
36643066316637613530336231363636336532306462313530626663383666326363373837333137
64396565366136663533373861386331313562323234303961633033613730366261376632346164
37613530393466646362353734393061373366383062386335616635316561353966376632333763
63353130336565363033356132303230393431316235626534376334363263613137613639653665
65643837383766663430633761393363316663343264613237323733623636633938306238643862
31363833363135643035633731663166373265366662343334356666333434663863353464663832
37313033323039626661653532313236386564316561333262646232326335353265323637653465
37373436376462373962613062613939323563306465376665363637343235303262393363613830
63376562303261626134306265326239353631646439613638343438666365366464306163666332
39323663373065623661623138366232376662306531343734376261326334306531306362633233
31633335656239313366393463366530323233376639316638613030633938623063353565623662
34346537313932616533313262643531653732613137343262623834343164333064333663646132
36333263386636363537393030623761303934376436646135633364343462636464633563663737
64613033383262373730616162623166323766356637653237353130653764323562393062346334
63356566363661663736663965363733323964363436306465313333643665616237326263346538
38666530346231373539646430616536663638396239623764316361386236313664353238333161
66653133383730626239353861353838613339663335396463333837333939333937336662363337
31386664666233626262653164663437633632616638393037616534323736383764653930346661
39353637653137633862663563633565343764316662616637396637373130623936393061393134
64346531333431633835393039646533343832343834326137333363613034633734323634613837
36323734393830333732646332633333663339646138376238336134663864363835376265313065
39323565633533336535626565326434356335393932633063623130323030353432663365626465
38313439353931376163666165663336336333656431363137356635653263663966366336616562
66653963313131376561656330303665346131373666393463313432643938613135356264326133
66383732636330386233336162346562323736663037363335643539376136623337383766643330
33333565646234343561353066313137633030616666616262623132336536616133663530383534
30613461366139346131643635303561616336653365633961656633663837356334616139623537
35373062336231316138633631313161656463343065646562633861623434313331386265346138
62303635666363613030333865373336323634353436373165623862303961396630306638326433
65653536333863663465376265343264633635663537616537313164303062636631623239623432
62306134323033303539653166323639396231663737643361633235343231346636326264326466
61643237326366643232376136643739613730633137373565333934363666316562656163306633
30343932613337393934373939376332383132613438613765313938323639643932333065666632
36303762643231376364666535313665316130636438336435323561336661643966643339656634
36373430653637393530396461646663353835653063373738323536386161336231353337363164
62313632333734313931343837616262616538376238373063366530633365393839383239306238
61383539313562336332633931643733366464373730376636663734663635636437393066666265
39643463376663333139333831636462653430643662383734383962373335323636356235333264
65343661346464663732356563626433646565356164323930613464373766666162393139313966
34383934623035626435313638326330336632383232336637373266353233346632373731396231
32636439363262336139663439313938613130353436396436626632666630376164663331393335
64383532653431376564643439373834616361646336396565636337356231336435326531343238
33373938616563316635386162346439343631326439353734653830643266366435363265343061
30356334333433343332363533333834613134383637323338643863663261613961343564633935
62353538623163363337383735306539326337623934363231666538663766386562646434323538
35373436373537313235663037663235663839383937366332353764613532376137303866313162
34323533613439393530356233323137313538366461393330343530323836626331346430636163
35616630646337323138663430353065316465633532323238616136613639613239623737663366
61396232353637653632326566356635626363303262393331376466333161636537646233393335
64383061383133653331393866313766356534303835326136643331633732313232353137643934
35306130396362323438663239626262623466326461613333376137353166373932336337393266
32353864393263306338326632633435613931303162353038323063366562343538663561343864
34623566636562323962386536316663653239323337323737643163633064333337356561303563
31373031386432656539333863653233346166616430323432356235306566313435313964636133
64343035643631623731316238326532613438386438313861376436646163376632653065333337
30373763643166363436343066643632656264346236633562313735643930376230333934373333
37376666353037613136643465373062383139633137343130393136336664343762383639383530
32386533666261646535333838303035356463383264313461303133623435623432303530363833
33626535613337613433393739373836336338646436366331363362613739666634373465613536
62363463313965303166343764646665613264346136643134613962326363616137303131306636
33343437333038336165616462376438333036376563353263343931613362313537623362373861
38663530626634303433346163346637326539336364613435363065623064653731623462353636
63363765386231356539373433373934653034343362316331386461633966313230366665663337
65616232643665353036353339393730356438363964613436616337336232623465336363356465
32633630386364656236613266613764656233643332653536653762353962326331613837343436
64376339326235376132643664323735646632656433646165383334363735373436366164356339
61316438363161636561653564303537613732613932303164353261613064653163653132306330
30336136623930653134363563643633633536323633386231616637366362383734343137396564
61353564653733336335353561326263636163646539306134396563363139653632393434393433
38663661353433306265373039306634343735323565636232306235623333326132363565653439
66663062313733353336646166386333613464393636376364346363366563366134626363366665
65623434666431656237333964313531663935346635366233616565386437376439663331636436
64316131376666633235613764633632396234616237386133346464616635633432353331383035
63376630626531373262633939663933633432653139636363663231353434376562316337393237
61626531306539306634653764623962653236613835626237373662656261333465396236643664
38306530633132303937323835303262373938636131313532326132626436653733343965656134
32626363353661666366306665633638336661316166656234386365373463666166303865373634
61333038313462323130333934636236643234633839326634393536336366336266346133386531
63323831326138626236646530636336326237666137306239313165353938663730616230376235
32386539396532313861343536326562346262663635323632363464373231633662346538663635
39653034613965343162346533316231613935656563663663353762343338623566303530636662
31373937336435326366346161396164623562303363323330656166393439303639643834666261
65616637323438646239646665333436393564636163653839663965633233386434373262393336
65343730623163663236636665303033616637333461333631623038656230656464613566646536
39613236383866343263343562333633373534343035623733613035303239343232633939613839
30303238323564636532383766656661613733383837663537396361343336343664613166303137
39666536636162303264373937616131666534633564343164393464313239636234303636313434
37343038366338343936383731336138326366613063386262343065333931323537363334333566
34366630626234323263663161363365663565323838353133303437386238666566386563623235
38383764396533343564633033356431323033653733396330366266313466303732623032303434
33353130323739633535623764313535613061623161353964383830303635626631643965636135
36346238646165643430656664666261343963653633396438323737653565303866356639363134
35306238353632336437666531306530333161626364353162636537643665316265326162306130
36383163323732363731636339323235643636636461653162376337316662616532396638666534
62643330356535633863616238656434326331383965656435643266373238663635633133313662
66383031313065306630343730353562346537306534323730663930303462626263383839336431
30656165653233323138653130383536393665356165636564333563633535613034376134666232
35323566303438383166656162383130383530663362356330646263636539396535326561393961
39333765316331313466616538383431343065376466626262313937653537326366346661333734
61616431666338663836633435613934656461393062356462303563633039633663623135366631
62636664363833326532383536343333303232303839343334313037346163633964653239303461
36636162343535353865366631386233383633333133623365656166663664626265346130333965
62643962333135633663373735306631383030326639633562636531373932363064653035396331
32386466633833356261643761343934623734353166373136356266313330343432663431633637
61346164353539323934393032656633626331396364386361353236663139653234626634306431
61333235303762313562666530353365326436353563393531626537616434633961363830366431
66666664396436633435646434616162633934623964373232333133303065633666666631623566
34396537323834386564353862373635333461633239333761353766363466303662353666303062
65636632396461376266633036646331663936656635663534396338323665313764313363323134
33373065666138353862333935363362323936316434316134353062376134306630623237306536
37376239663262356637613237303765323536336162303231623766366238366636393234396539
63366633613139353233643061323363616465363131383234616362316234313830623535663761
30393930356338613837643530393130363566383534336364643031376362666436333235316338
39666239663732393436316666653337343037623865666563346636363430303461383233323333
33346661383534323066333238323136353964303364383635663738353962633432666638376162
61616136353332313730613262346636323339666166616663636531366364303566336662363438
35363634366133303530636261366231373432393735646337356236353639316130323066646139
34636335633465333030383733363936373062616438326666643833323634326561616266383933
65343031313932333365333633666662313762613930363839316430623830643864626539663331
30653436613634393231353934316366353965353663616231303362623931653366393163333937
34353036333434366631313265336162383234383863373562666661393539643466363162326239
34306561653131396234646432333964643461626533383066303137633332653537333262306433
39336331623839363532653866386632393363343037323137373162643130386565646337383137
65386235356338613362313266313262636535386566356161323666356339383130363533336637
34616235383538353733346434653931636465663961356236326662623838356631386336313961
35393062303234613733653031636136313062653831306636396331383830303337366435626436
37386439373237383731386130353166633338383165663738383233316565363133316135363664
32336330313763386633626163373438353065663536666563303736646464353438376561343162
32616430383739623064323736383461633835373262396665663531323130666239636535356566
37663539626134336533333864653764336230633564363331663235656464633365373331313736
31636137313662376562386262303133316431666537323430363031323437333436393965333565
34623432646238333263353666303836623938396531343865346530396235346536663332336230
36353632356162343936343563373966616339633830396632303136333139346435376430383662
61376565366335376562626630303835326538393762643566643535356334393136643037663764
39353230353832623062336361663832623866313666666238636431633866343536656666653233
34356230363739653031663036646164613066373434323765623162613261616361396534633664
32366239633736376336336664326434613730633134313162643134663535383463633637633435
61323135383161343632633632303336383533623636336338623065333565316166633733373563
36633137666639646137386631333330336538643734633761353839356137363633663633343836
61343164636135383934386532353563323163663431333666373739626163643837656139636235
36303131333164333662376439373030353936383833376438326535666434636530623130336364
65396438633235666162646238383866393134333462306430363534653438363863313439623564
39326566356231316163383432366431643462633534396166343436393537333666373732396530
30663661666632343165626631313836333733326530346536393064353930396434326665336463
61303130633236303032356431363033386261356436383635343236623831336266323131643663
61613261363839393266306662626163616436366336373361333662323366386134373338646430
37643937336366303063613433366631636530373466323937393762306134656136343833393432
33663366643337363835613764633031326564373464633733316339653131646531386364633337
37333462336164386139383735366231656434343030333165313235313732633039633931613138
36616563333165376266353636363535353632653033316237306466636232366233373835336361
31303932643135613864393762323161383032313630616431396337343737613938396662353139
35356363343732306563656261383962306262646635663134343434396138633433353932323761
37663636373663343937333634323739373239653465323931633433343463343564663466643431
34356333666535633830353462353466396463313462656161643133346366323933303232623161
36663262323235383765626565653637626534316163376239323063353737383334333566633566
62313534306536653430636262616465643234353235343266343138633535393661313265393266
36383639633138623539666566643232393339393666643530343561353635323562303765393239
35306263636636393630343362323661306631356136376335633132306464323363316433333735
33303130376238393461666266373866316338343165376435316461363237303262623865636361
66366335653565303530303862313865656532356365316564396336663163383765356431316264
30373861633535653037333734346461616330373830653539653935653633373037613966323639
38663834343431366163663236646361646239383837346235663436643136616365646366393239
36393432346362633238653533663764386161343762363862626137626231356363376135656432
61306132636431646130323037383235303334393133656635313433333231343335356632343439
32656364663837333439356434333639346266383935663563396163636431393436366236326534
38613234656330353438396166393265383162656461336537613434626366386531396561633466
33643938383865363766623433373534616365333364323038363936643938383137613162363466
61303562663536646438383666396638633162323139366164366531663134633830383836303535
38646334636234353234356439366137373065633639346139646665656634663462346265623363
39356666663036666462663332336434306139386530633331636263316239396433346331363238
33393937313264386539666535316365623332666538386263616634376364376165323039386434
63326237646361353232623038336666656261613435316262366537353338663235613231383265
33666336306538656136356561646138386265366436343136616135336334396333623062346436
39333439333933333532656634313261313939613463313230343466643532326330333636666339
32366362613135623239626465303565663766306536343030363839303030363337396234346464
62653031393134616639623036346365616437366462653530643165353362363262643732376630
37353861633565383264636439616232303230663731623034353531613137613661623837363464
31396139316630323533396666653237336163656262396136343830303266633933333665663134
32316162353165306536346135383837303535383463333630376366623836663938386234393465
30386434666633366436616165303866623034646438376539656534373032623363353961393462
62353930333165643134663230653134396666643938333635343138323130636462366262316437
32396564316465346136346534653263373534346138313062363237626664623262623937303962
37626635346662323862643166663134303633383462316539663436343233643636666135613737
38383762376563383132316536313132393361646162386239653635636138633434656363366363
30306335363433383163633464373339633438346137653363363831666139363061306336373432
31656665663335633238353039353866383533623064333461333165363035626164663563373036
35373430373561653263393737323230336232613738663361343038616637383835343738353065
66666565623663333437373665323231666666306338303637653532336431386430356337616539
66393836626563613331396639323063323735633665313239303635396332356631383535386431
63386333613762333963613730376332613339313264396433313432633966616633386632323231
64623239636631346131646365333230326261663738633266373834666534346637316464616233
34386139656562393364313538313933306432336131623633373964663536616264633139653036
62386434363737323837363064633439663466383765376431343033303232623365653433643331
36616637383036363062613236626435373062633562616663613366633037393938626166303963
31343364313965633736353266646630613633326335336137373031353434373665373933336365
34653233303432343839656166616337303464326366633861663162393234373763333039323534
65616663303961353631656430613363313537356137323863613164386337666331353361336238
37323035346361336632356365313361613436653638613166356638653361373961393434353133
65663265393161303133636235633065393537393964303661613330663839656136663662356439
66393564643462383531373935336464623461373661343435396432663637393331336132313765
61333961353965303866393935373062303230623561353262356639303835363530333763353735
35633463313839393932653362353661656166613435626536343233303434643063663164396439
32313164383038646465306265333239626335313962376331316235656230616532613737303361
36326439396339653763666335636433313532613561643162363663343465363238326165613863
30316461653837633530663236333434373637373436633038613461343366656637313062333363
33313361383562373439636165393934613865366439653630386536346337623632613133306537
38653433383836633462373031366239623165333735313430376632626435333535623066663439
6635626231323137626631636365643735343762346235613037
