$ANSIBLE_VAULT;1.1;AES256
65653838646361313039373535383833323961326661326132323166346434363564633334373363
3038626437616133346433663836383237346334366333630a366261643663323431663432666666
32623836613561623231653161386634313830323864343061343364343364646235343438633036
3261666236386234370a313661393132663633636331663236383839353761383564623234313139
37643132616533343435616565636237353665366336653432613738643762353966313266626532
33333037656633343965376132393633666333643062386162393661613632636530633230356161
37386536303039326661376633383264386561386434313461653132303536383265616133353866
61393837313436303764353134646666333639666464646635323761343065633930613335313037
38643339636138653735613630343731336132396636633865303139383936313265326565353531
34623464393331636238363335353762616235666430663962313635343765653764386562626566
62623663363766323866316434613365343734363664663434626635613262623339613665653933
30353566326330356238666637376434303538313762396439306636383062396366333863383831
64643036393030633865303530666338653533613133383137343130303361373336346561343838
65636365366336313438663363373766626631663063313361386633663565633033353735316264
62333134633865346138356263666433363933663263363035313133363239626262313937366635
66393938633465653261623766663039373137613364316232626438326361613837643266376533
34313136346234643930656661396463653236303435356635643736356134323465326533633265
33313433393530356431646264663232373738346366326337613632313332643363323730636435
36343166323065313461306263633336663266383436633139663431656630366666393433663163
36656334636338363563643638363066343563633462656436306435333839306339623363626566
33316266386336313430386233646564643066373232353661333565373532353463616131616131
38313166363139386465623664376231653761363537326164613065333561323863326263383438
31373665363466623338323330343237306466353135376337633065633563633039353363323038
64376663346439303164636365653630303661653064363131343038366532646535616636346264
65333965336237353461396432643437333764313961303364383834643661633133353066646238
30383233353664646265643730633538623037303938316536313533386363366366613835666364
39656439363234346563326532313962646539633165356562323531393835383066316336306666
31346537366333376139626661663233306231323035303865316338373635353330323966626530
34333436613737336665336362326664613465363737313738363036636466646631323362616138
61643364386535316663663436313436343937633264353366333736306436643633393762386237
66366661376262643466316638616136343365366531373165343737633362366232643664616236
65393566333963386632636139323234353930646536663935383565393333396565643733326235
31373963393039653437373838373264303531326638663638333666333630346663393561623831
38616465623938323164613236396362326664366238376565313262653633396632313239333138
31346437613163343666666165346662353231376237623534633763306335313462623534663465
61386331636139666439386539663761633738663563653836303638633536373431613630643335
37326561303165313030366361376361383961363663393137623137376338663466316133323633
39393530336536366133653039333634353861623166326438343966623465313134626130333834
30383439336537623538316466636661656163333738623037613863623538623538346233626162
31393638623330396435663761643730373665616333626562386333646538386234326135656666
65623637653565356163663164353539333734333864626565636133376532333235623438383866
62373363623530386462383136643662616532333032613663633566376161346438613766393539
39336337376231353331656335366439386333653533383336363435653664636631333365666137
31656561386361313065663339666630666237316535313964323464336339643539626139646263
30376135643739616631666433646133303730663738623236393738373630333031653632313266
66643938323038386265653261653635306266633030303365633639663833623631356663623031
34383363656437663633633932333666343162356630666265623334333631656162393035366339
39666138613833393936653538666430636238653038653836623133396666316461643639616165
37323264363466346537383930343563666234353337393536373830343338623434323437373331
38666163383563383430643062623633656537333532643064636563383536633966393063663634
65333665663037653133333362626166626539383134633265363634666430323161303262353435
32616630373532333761343864326332306535363533373366363161316135363939316462313861
38393530343038336633303637386638373236623865663364653265386330613361363434666362
61303331316164343031343666653532313836663466313339636635623934356339336664376439
62346433336538373739626633353363316432373033353431633062633563303461346465353462
66373462663431363738383031343536626131343930343964363736633463336462306439623930
61663634393463303135303137656332626339653139336263623834353761326535313232366261
30393733363138303430653538383535363738666532613334346563653137623735333537386665
66306139666634346237346638336339376637666232636536636530336237663832366634626266
36373831653861626631663830653235633864333634353063373539636533313031346132333762
62316431326330613838353035316232366565386462313066633735336234393661393164616634
30313431363962313131633766353761623236363762303735313964356135393064313066313761
38616466653236333061343935353136663466343834366666643937376331636264386634376333
35636265343435303465653934363064653936643731666534353262336161336363346264653537
38373563336365343236663034326538393835346332616261376231303834336165353565323337
65333436343032323530633135393939396562333963366431663833333236313164373730346634
33333661386266613061373936363235623332363639343764623563363864663230323638303638
63643763313339613136363638663037353937333262646234663136313830383066373531363535
38363130646236323766393665633636343739353830313764633765343536333333623564396636
61303562653935356662326438363935613239613337343133373530333731383065663138383866
33616539383138616133376266663264313561313763663665313834333533316164393462343233
61643362643836366263656236336262653162396530306539343437363232613331306464356139
65303466653734346634613932363761626139386532303637313433366132343138653439636636
33633962303239333637616437653338313039656462373834353864393264333364316662326461
36636333386435303162646164333137613565663034326531343061666432333630626633633331
35396363623133383263616165323862306164363139343432646532656539626432633961373061
66336461633966383739303661353864646565393831343734353638373330303438303836313164
62373765373233643533343063663137646539363333396565316536663763343438373838666263
64643533613439373531656664353365616235376466383662306435363061373733666265326232
35613461333164336137623063643635383030323631343032643062323961386162623566376462
37666338363439623736333963373738623361393161653163343331326438643938633937616439
34633163376266343362313362306230333038613161613064376232393432346664643732653130
62653663343561636139613239656531653235626565336333393033323663643862333565613230
35633434323663343535333563353831643031653430663035653538643061396265313234343230
64616435356638613535633532636661616130356334323033393131643063346332373830623561
33383838616231616335373332363561616138636664366230306332353335323830306566313231
37343764643865663339613633303264356662646331376635633738373463653635356562356230
33303737353734356465663934646365353663663862386638306232323735653265636236363033
62643337376561343438633535616338363532326631653936363765326231363366353537616533
61613836373739373937386439306364653337383635616530636263356437626664613733383235
62663131303266646137613535366566323433393136653639313364613238303035666362623435
36323238656538313163383265396563313566653334616634353963316633373935363861623932
37316237313239666164653666376439396437313535376638343538636635323933346235303539
66353331313636353063383939316337326331343362646361373131336339386434353064353966
30396332623235306564623737343165336661373562363266656134313436613765356439363465
33646132633131623038666432333837316363663638346132383333623736333338336539366462
37326335373732613066633035313531383663613637383366336666346562343666323763336130
63633366306130386638343938356134343333626338386562366663323939316339613935333132
33656239343239656531636236633865326434343664303339306364316361613261373665386537
34316134623065653265386362363336323130633035653435313566346533633663646365353537
35643464346431323464353366646164376534373137353863666365326635666133616530626433
62363934663832336166623163373337663565363536396337393038313035626664303836653037
36663032313931303033383963646136396234333934336337663861333130356261653432353430
33363330643038363963623662383139313830353938316333643066376362393662393633343463
33383734373263383037306565353563326435396339373833666532396133343164303136633564
36313161636434303335653065356262656665376539616265353863306330356163356563363633
35616337316338643738323963373837613531353035323063643065623762316234623961626134
38386136633364383530333831343166306632643235333764313763336138613962376162336630
34303362386632383337633365383266656234326162623030643833633139353864636333653139
66333538613537663566366665616233323637383666396364636361323739366265383132663734
66663362383138653334333737303463303963313031346135356433383562346466623037386230
30303035333965646538313130656439353061353137393636656431633130383739366634393537
63316466376536373064623662373262613336363830636236353864646465363865303035653732
63366638366434306136306435383564633131663337346662363135366630386263366463613366
36626632336235303835643536653538616331376433613265646564363864663638613266623061
62353934613535373134376530313333643530356334616533616335306634653265396336653836
38313439616632313861653837383233623266336165656437306230386563626463366136363839
38303730646538306365663562313033633831353464663035663731326630313236653933356334
62613739643361663265646162386630316239333364646436316338333939613735323333333362
36336639383361393234383238633164656137393232363064343264666136313839616232393037
63656132656363323136393832393461306564376365346464373866616438306131663036316164
33623063336331626264646536313762356631386366663930343638306131366638353232303465
34333762663232386162656361656133316634663534316636356237346436666232626530626638
65646664646164613064363934306362656439366365663261313164316337306534666438336133
64626638653237663833353666663765313861343739373236623035313066323663666633633337
61626134356630306566636138313862633561353834303864396164663766643662653333326534
33336265393937326235613838386531653966373832363331356463373262336465323833386334
30383837393766383166313437303833383335333833336133666163376439646231343533386330
30343630613937363866306663636562636666643863393435366165376337383338626538386135
64333330623531306135333464323639663765366131323732363834333765373331346262653961
62613839656335663733646462613934643436636336383435366432313062313462346132343531
65646637346532626530326430666163323136653136326237306265353531623436303531633739
61346534666634633962396366636238346131393934316465633633393536663838386533383733
63663337623665386430316666303062316136613538316535643330376663663463363961353531
35313538643630643533353363653739626536643739623231313931626566316638306337633166
36383730303831303663353866313634363236653061343861313233386364616235356362623133
38613362336566353435316431306362316661663163396166646333316232623831393034373962
65663161313534613865316565626534643738636632366266316637363131363333383264656263
30363962346166613465646330633236363232643864313237336131313435323834353838383838
37656465623862343763303537323530343438636634623937363931363164393130656663623338
62333539393565373935373032326634663833623339343633623730393964643037303930363864
63343837326263663633663936666131316462656366333366643666363932313130373766316630
61356664343566326362303664393335323765306535343933343936353437626434386563633931
66366165336266363932383236646130343036313238626663383932313835636165356436356163
61383731333331376266393930303630613437643639393463636666653336323831386162623963
33333562616434633333346163613766353164313366326630386262383436633131653234656137
38336263356439306137633332386630396165356637643530613635306636393433333866343635
61663238643836306561613866303831633839363530393566356563346364356463373630633236
38643433643061316237633364616438396533393265643138326262323638313339386239646262
66343562373064393364393335306533316535363330663666383934636363373233393336636238
30333136633538646263643731653063383035383331363063326366306232633936623531646231
63393137353533613939633132353965396362656633646362346431326437303761333261373835
30313737316462313138623264613436623832666539663265663532623735366536343437343239
62363335366137306638333461313930316331313262356238663365356463616264393530613631
66393533626638353536396439316138383561323866396134333339633761346136333463313866
33636437613166333735343438336530346464383734616364623732333932396639386263326336
33613861376234663932366161306436316233373664613738356230313966646463383239373035
63623366336138613533363262346238363334313837386330323465303633313736393164386439
66643862313362383635646531386335666662643634333736653338663663396662653333613636
39643863613635623933646238633734653131633738613161653834373463633936626630336534
37343365313864613136616333313466303563633562623363303132393564623864393966393730
61306432356335336136313536303564616163326466653533346137323066316332653264633563
35633936613036363462666536353138336636323965653336643637346561323138343432646161
32643266333063636166393133353266643135396365393864663735396630353930326639656464
37636366656666373862613936636562303533306561333162353231663336363163356632366363
38623031326239393833323562396235363339383435646565326363356561383862666536343661
38623130643662313738653837396663633739633939623339616330616666623663333435653463
61363230353134646130633439306536663662616365633932623964326532646135303030356266
30383033396465636630363265346566373136633438663065366338633932373965633731363432
37326365666337303530356464373239646331353163316335393130663965323464366365313064
30333530396337613936363162363765393430373437613036363937613531396261363562343738
66393434653039643731353063393332386537663537396261326463346635356236303532623438
64353331343536323431396538376538303330643933363135353534653937653132653430346636
39373165303035376138363261393535646162633031666538373534383336356464333639333731
36333836313563376162376535396237353736656139613131633335636138386536373636313134
33306234613865343166383939376431623865303530346132383766383139343533336365336263
66333664356537623737653935303264613439616136386264353534653461303063373765656236
38333539323265306332316630633631373961336464396135353638316565373931353139353164
35383033303730333865313831366337396161383462656366373334626531643230663566386536
65376538396334353037323837303530623131613363323362303739653566646364613639343363
31396265373034353465383330633435303335303763633163336261326537643532323965343333
61333064623732643766396361336561326665343433643832663432626136373938663637353835
62366534376436356433323566326135643739343735343433393862653139303866396261316134
33366533633833366335333465633461646539663633326433646261366664366666356239643461
65336166396430303863383865366130313364653065643231633934383132643332653561616163
35316662336231303433373739333264353762323539646230643537366139333937323535333334
63303966383961626539393030313238653164336261363262656265323266636562343030303665
62653766373762663234303964656335663935306237333633383735633364633166366263383432
61636565316530643162346637336463656263663632343536633164306233346530323161306335
30646465356131633662656461343664333738656335656265363034653938303438333530323337
38383530653262626533356561303265646264306232643132646463363534646330313966623836
61336432303863653763613561613936336135316133386463316637343639643766353064326638
38363535633233336136343962633664626230363732333031613865616631366261623439386434
64393864616462393364346530316438623834336232646634663139356438313238313432623333
61343439666131613634343463336431646438623862366366343437626239633061653330386361
33306533373733343532666633363062343936666338376338646662643963653762663865396666
62393564373366333465316265393234643136663039343830323139363464653639336536306638
64366266373638313931633437623632376436316261613861323233326564646166646664623637
38303732363631626461616534303836373835616137666662323566646638633665633961323961
30613561363139336531333461666565393032396163636235343661323033623235313065393035
39643761323066636634643838653466356536313462303933613366666361343562623637633138
63326635316662333132353035666331623761383039393932663031363630373231663734633436
63326239633063353731326665626239313963653935616664363866356632393238366238376338
31316433663132656133313832383136633637656165303261343463346232393734316535363263
33643132396632303631363832666137636531323461363838356462316338353330623839653133
38346438336139353932343936373233373539313133356538613362343164373137366339316330
37366161346666646363316330396233343136353566613734303733363361333866616431396536
63373235616264613034626465613861393530393736303231333466373433373065663738303531
32373537336134373333383633346436343734333730373231326637303235643831366665663566
65303836333539303131336165386233303131643830306335346235633435376261313666383238
36636432313264633133386663343563383336613638643866666534613434356238303232393237
62336564623034373838353435393463383662313466393766636330383530313064633538326330
34323739353230363430656366313962303862373361336665356531373438366430353437333233
38326262646363336330653131306365313264376665303734313639316139363438343036373663
64323934663064623164333030383939613863663564663062373635613839393231326630333836
38343466636465386234323638653031386637633831613035313631623836613430393238376162
37633566343631633061616664653063383539333832366438393733336239643437656165373466
39616539623735363837633234396331353664633738353237343865616434363864386634386535
32393661376537396336346435646461326234363535303337336433343236623233626236616635
36336664663838333833396662363438383063313436393937653065333139616434383030636163
66663564343639656366616462613561393630396231626630633934623762363631363663363736
33643938666464373337653262306363383835643239376661343565303462653663356435353235
61313939663366633633653433663734376165626632616161643831333965636362323136653865
38663337303536386131636434653663343264656662336234393337383465326532663139636563
37383830303737306333323664623262333062653064623965656136653731393033333736303430
36353162333632636130303234313263636463303264303631366661306365363330376565363635
39336533313233666332666462363764656366323966313138666431396439633030623636666434
30383764333438613934643266633639633132376237653363343562623961313361363837336332
62363235393565653432643663376135326232656134643838623861636665656232623335313436
35373863393737663661313933616139633632626566323236353330663832666530396361303461
30666363646638356238643537306534633832356466393031653539636335313932663336653336
33653739306566306232353366653538333530636231333766616166333531306433623764313164
31376662643537353561323965353761626430643132633132316633616339306364306132636338
31383366636666663066636539643030343731643131326531363966306135626635616465663261
38376664326665613539336434383135633266363037396364353036303031303761393838336265
65306334616534396263663335316430643138623630626566643332623136393836376339663261
33393938613765666435303136646565376533666636636439343266363265386134393037653565
38653634653831353265353033363665333336656331303561326663636663653133613462316462
63383038313563346266653164643733393438306435323138646133373865393537616661363538
63616664383664386466393861666162613265326132653961396166613734623462666635323934
38373464616134333863326631386165396565356535363233343361623161373835643461333066
32326536656166626661633462343031643963616635613261333666623937323562646434383264
37373263383334306634303333303330366162636231393061663137396639366163343766643934
33383531623639323039623233326663363162663763356234626631616666326136666461396263
31383535373235386536356331623938393636396236643834356133623635343465333861396363
61636230343333353834363137303836333730636531303236346361666130373034643334623662
33353539653435333431366164663965373535663332333062383165613564646164626631383330
38636166303639313239396539643162643862643637323466613965373762643534616437343664
30616130383565333138633433636264623632626432623936613163373733366332396362363765
66333038383338336661633236396630376365613136326361623364326263386337336234313836
31373764613439613662393262643961343864643030646436623534333863633933626466303364
64636336393635656539336130326439626233393139643831363130383962306465623334363861
66623238653339646364356231336330316430383962363363336565366164316435643762666334
30356432643361336136623938616562393236643764303439336532646638636163323937343631
64666235373564646362363161343961626438613930313935663362663338346166316433343665
36343735376236316163306630643861323364646236326339663565306163666539386534353361
31346364613136613230343235343031383736643234356631306461666263343463623461646364
37336664383765333637616263616137636333373766633531393839343930623135333463393262
33383839353462373762316633646139333933653935353664613037373038646433633238653536
66383934653930386435376531663236383733333339316530643362373664356166623036633365
61626431383564653337626561356532656133616438633035373035326337636637616333656364
32396638313131396535346365303736393431373532353162336338396139363266326135363761
62363562323735333034396166363334316131633232313466666661363133663537623861343261
38313434643064306463663562653262363538336335633761663862363938356564386437643531
62653164633439336638303238386661313862393233363561346136653165373134343266633464
38396439313066626235313264373236383331633736623331643563663131373633343162363237
33313935363764636665303738633133666435653437616137643135353831323435646331376432
38653636633231656135373433343362376632636134663833366131336138383133393930356333
30346239393863393530666537373133306265386364613764386632663633646133326364376530
66626232316236663564313233346434373737333035643137363065333536646264323338323531
66356564363330326435323837383766626434353938323161626661333737323030383834626466
30306136353166373130323666396533393764633461393138383733646562646130656363353838
39383966366630666239303363323333353138623839303266306636303730353437356163383534
31323166393536356361353935666236396331353332313063346133653533366638306532326330
31613562613237343231643238656633643961663265303535383233616631326161616334633239
32333232316461633564663135353065306239323532336363376462643166613434303038393061
37363566383338303039386364393137643864343462623363646338666435626165373931623665
65323064383539333430333939656266643466333539393339323666346163366337383066613531
37373836663230663139613566373337326631393632363066623034363332663638393132353335
34623738383264323139623163346532663332383833616465653164316465316262363832373662
64616365666134353061336632643264653861623364396161376137633131646236313134663535
36633934313163343836646463333365323765373632613366303837356430373765613962356366
61633662616563613435613132353635366236656135656435643531366230326363346237663435
36613961336461663864653964376461366362373930373332303538386535623231346262383936
33383736323632393935356362663231646334633766313934333962663436613636356363356466
38346132366233653033663032613335353862653261653936373164653965376539386563353931
62626435663931373739326664333638356466386237386231366232383633376636393065306365
36326430356265643233653930363763666334346462666336343762306662623230323037373662
35363431393861333637326361363766313234653737376264333034393663666134383238376466
35663230393561646661336532376335663265656630623033656437653662386161626333363136
38363165326165616234393532336236336230363965323937613232643638656165333764306166
62366533653831356364663831366465353862386432336135313630313939616161396466636139
63353832363530353062333636636164616266393834376134613636303839336539336630333864
63616632336563373730353030306530626433386537346135313562323964316233383539386533
31373161643434303535663664356637306531356533316635393030373863353830643263353333
61663837393863643837346634653035353632363363653038366365343762336330643332663934
65626439386237373461366134666561316661666532326139313731613733663030336133393266
34626234633565616437366466333339633236363464313131613735313366626432643166643138
34333637366665626534623636343930376433626536633066323266336461303038653161626631
33383336663063303432623338383933636330633562306332643133366631633366323334623665
66376330313263353537663365326561356432313464316134356236313939643835666532343265
34393166633736356136643334343132306563336536353062643665316132306234306333393136
33396161316466353864313038643930623863363435343262386565343365623839666130626566
65663731633734623966306164623839376365623933316633653534613665336262613839353635
66653361646362363534346464653162383833313864643337353866316366656565653830306565
35353336646638333066653361393666363135393837316361333636373931303566393735333464
66626239376162633037353531653265303061363037653461373431363331636430333034313735
63623830623336656663613632626238643661383233316336326664633237626538653764316234
31333932383761613164373231613363623235363137653831386162363362653231393863633736
32343533636638643031333535656238656136653562643637376636653433396138656462333835
33303933643932633637653233623335646336313633323564373030636133613937313765363965
36373433356437636139316364376639363539643266643461663530616466333936373461643165
31356464376133313734363863356361373137646136666237383961383031323032373763396238
35633764303361656636346239333632386335663830386435383132633439333164393032656562
65633362636566396536613931623162356164663464366661323666313533363061373435366235
30343036323334333837313232653333313062326237646236353438366665613238353738643635
39623138396533386331323734383664636265383735636330373832323431353761306439646539
36643530306663333839636366616135356264653962333030626534346635366265346238366131
63363134616334353136653962666434306334346638333731626438623038346637363639343833
61356634386664363238663034383766393830326336633038646261353830646161356364373333
37336664663833656461336133613561663039623466633935323636636664393764366464613630
63613961353132313534306538366462363561376165363933343334363237343262353838373738
39633230306137396137393364643637633033626463626663366538643430376233626130336465
66396364613832363731373164616662346333623636336563313861626537383736333864323931
63396666653462396164343139643231346337396262376433656231303337313234343632613264
61653533303262353434646532663739643539323139303238356430653033616637626131383435
31373661363733613537386430646465343534386531656635306632343332393534653234393261
33343332326533323936333130366364336534643366343432643535656435613232613133656365
61313130333732393632343131333461663262343239373561393566363639663836373132666332
66383830326136343233376233306163306636393335353836353331643233616534316136623231
62623566613332376338386665613433313362643937333736626563643265333336313437616332
38313634366539373461393534653663333239366331316663313039303237363166636431313531
32343833396464326538396362396430626664646237643235643431343562623535323330376531
62373261306561326331383561343161356136363238303431623131386461373138333262386337
35353234373565383964363538643235616666623238376438656464393331323533633834623232
36633632303464313366353832656136623662386264353138383037373938323231376438336234
30333163663039636436636336353330346636363966656536626664336561353939633039613233
34336637626463653563323934343538383163323735656532633965303239326461306465656633
35383764393134393037373630333365306562643133323136326662326634633833653033643736
31623666643830323134626634633930383733363932643463373366666334333361626132613463
37643964343161363261323062316630393132353163383732363266376238353137646430346163
37356265646362343737363632343565376238646136386134636631343735656337393561303762
34333333343665656263333963653365313439343537663735343363353634353566646635613366
36343564333733306161663334313236343438383534343839333366343439316633343765633066
62393761343130343964613031623161343161646261336434616166653232623864656162653663
61613366633134626234356464653133333436346463396133323938323130663735393238366564
65316131313537663362303461626439316663303830356432333739386564363362363937626438
61613462623933303961613436343764643934366563373837636365326434363532306531343730
63343438613361313261373666656137356562343330343037646565373062326465376562663231
35393833336561383437366132326266393132663833646464623537663565356237336537316166
65383434316466666238353133383832313432356339316265373035326363396538303263393663
32636231633031393130343933376261303138333964376661633965653764343164656362306533
64326335636234366361646163373763623131626262323037353435313739613963306331663261
32636636653138336134663830663230616631323133353939376664343137383639333463373437
63336535643961323662313364656563616232326166343539613139396261313433306134663230
65336437313731643933323033306634366537613230383537636339396639393231383230316466
35313361313730666239343261333631336331393736646266356132336565336665613735366361
65613632633338633135323834376363366332633061386163623137636238643336303536363233
62616333323937366438656566313733633864383462313030386435386234323265663639316635
31366462366438303066346333386330376166376663383438663466363738346266373161646563
38656336393562366134323238666235353439393165333734653136626164316133333161616137
30373562373934306466646466636266653361663937613438613536383131373233613032353264
30623765363566326538326461316536356664393133393464306331333939366638383632343762
34633563336331383864303831633037656461386631653634633431653664653336636535363936
38393130373865316565623164353531323164366339376230643663343763316335633335333263
61363239346365633565383836643863376664666539656434356330353364363337303435626638
33316335363264383864633736356238376333656437336465613164376665383065303735393233
30366362356564333834636562326564396466626365303035386237643234616463356134373662
62303131336638303434636564383763613333366362313434623635623832616131663439336339
37396662633033316661623039656537663865663231653035633564656661653834316133643138
38393234343430306532363966326435643737636562653830313332626330393063346162376563
30633139646632356365323835623536613231343362386634646364353136366230663736666336
34383263313036616331373737393837666362353731393434343231323765663536356363346531
31656462336264373561326531393432313332303831386662626536376630306664353536623065
30313761623736366231396639363130626263663837653861656532653862366261623130323932
33643932373238393333393431306261613234653466626565656132383462313161616439636132
65643238363263653037616162636166613636666465666436646230643364333132616564623135
64656264373834343637646539353638363533666632393264373163386539626433356332356361
38353763663730643165396366396166343536646263316331643566663533366232663736316561
37353136306236333364666136363436623165343666653633333464613562373238383433303635
35613161336634373037373066333864373036613935626630656233333736313564636432363535
32363739373131323034313361373633346330643762633139626663346262363164323066383738
63306361646238616435343763643465333838323763666335656161663666356562303561393563
38393132313434313730386330623061353735323566356133633439626432303462356236396235
34326334376265313237313934383562393138323037653161353936323739663436663831656439
66353064613736623735636337356237316635626237326565363464653935616137623665333836
37383731333131396165333134623034373866643834346539333566313633623032653330366438
30356537613566363464346331373935383233653661383136343533396134383431666137636264
39373566376438376234393063386231393035373365623835613131633166643961623666353833
31663065386331653939643836656530353337376234623630363865663565656433306261363136
30343938386234336639653538613964353665663962646531393032613562646238383964396434
36336264353230373335373864623665373566663637376135383862326430653934313930653565
64363061366639333164356335643435633762316536336362663236663562656335333465626565
63376362313539656438373839363939616166326535333631306139616235393535396534636165
35363636363465613861356130343464393833383361366438616464343630666362663234346361
31373531353630613831613164356535336261663333663032323934373833373533663461336235
33333935613330346336313431623264633630376433626634353161636261633161346439626435
31326131653733643735313331636636613730643233383461393631303661353934343537336164
30376662303930653864613430306134636435343334663030356437353934343361623161303633
33653438306531663863623432386530393837656431346335363639613534616637386465316363
34396564373935376337653032623865623565343237333738303433613938366336333731356663
66303162633731613133316366613266653831393138396532343131316131653063626666663834
38366433353462393262653862366661303339346636643931313130623062303862633134323633
61343633366130363434653863613765316633396631653163336635616162333937306632353337
66353362303664373262616266316132623961653537386237616530666266363638663366363063
61316338633036663734346236613536363831313762626335663363313663393630363430356563
65316565613634633938653666363634323630336131613764386165326664313232616266656134
61333935346136613738363739626134616535643532393034353035393166623833666133396633
38613734316537336630653232666632356261393964636137356665666566633963656433626230
33353536333964363638333964663566343333363834313738346333656133646664356534316332
31333930336665356238633932386631613962306633636230663835343531646439626163333635
35316665376336336365323031646438323237663836393832356239633035343539363765396237
33636631373861363562306566643664616538666565646339373734333261396161363931323261
37613764393161663634316561353339336364373765356233376539363035396134623539613837
30346233653630656161633630623162343161396136636563656364346562366130313566313130
64356537383862373635623263353631616633366331336136313263653737323537656265663539
64363134363036656338316632643932393565666531383263343538383538343034303134316462
32643861313365326261613165623966643466613236623236386465393334656435333933623537
34333938626361343335343732323866383463383830313237336462303662636537633438653765
38653765363138356264323839643261656233613262323439613734303332383931313033643263
33313238613363396130353635646631663265646335356161666633336332666437306533356165
34326262336333613437373031383263646461396661633934333133623931636238623937616166
38653739653033313331623763383661323362656162623038353139386238633061393132666561
62306432666139643134366537636538396435313836623666306533383938383365616439643533
66386238636134383633646362333330393763383532326136666534376233326262363036643639
32383530363562373432616135363364663339353531343033663933313562653735316436386235
65656663313665613538326532363962643362393936663161343230633364653535643932343066
30313364373236346166653535383434656232393434613735313566663163666262376333376338
32626133613439323462363131356231353463616439613536633632333565356363666236333732
36393461646264326131376336336537363361383865343638373436346535366531396430386235
66626664363664323937633831366132646131663162363936646661623638366663663737383237
62633463376462346136643134346238333461313831306239376634316563376466326230393338
31323734643737313933386363666431626534626639393063393764663161313562306230613830
34353030303132653765343739633565323662353765393662653139353837366633333038386564
37316234643661366636336461653332373339393565643234616231633033636132303062326333
31353131663033343335393931303130333963663339643038363535636133313032323462613130
62353530643239336633336661393239356162623963393738616132373232313366343665653230
63396265623331313033343165363037393836336564353539323436376130376363336133396238
31386663316363363463613133383930373839646333383836343366383132393164353238346333
66656539396538326365656565353561636538303537346363336638653863656134663737373437
32653537323363323536643138313939646664633961363666386239656136393637613762333064
66383036616534626431303463313733393533386637663139383365396362356530333136333638
66326561393363363934363031373232303162626563643638396534386536336232323961366162
38653939356466623062613130363162353438353661323032366333313631313733613039663062
64323833646363613632353730323565666430396538353337363634313732326333363632666231
62326431613561623936633165386365333066346237613932333961396338613831626566666366
66343831373162313038623761323031363363353534613538303464646231363766316530356439
34623535616163333038373135356338353839393333336164343362383631623137343666313838
65343831663061326630656664366235333161666632376230353866353530613135313037353835
33623239333732623464646236353963346466643366333664383832383166393462633465396262
383865376536383439633833626363663432
