$ANSIBLE_VAULT;1.1;AES256
38346438363630656630303364393233346366623538333063333834373934396235626239643333
3836643562313438343931646237626661613565663461300a636334633365656434623966613565
38346462653437316430363037626330326135383533633065666361636135653961356566336235
3239623636646463310a386236633766363561616434366561623238646262343965643037636265
34373830666631626661356131316232386333346662373931303337616366663761303362336564
31643663323833366231363133643162393434656237313465336335323332346563383033393666
39313037613136313561303031333735653064613366656535373536613433643337633266656666
39353530386266353461393336303137613366663334323731303762396434303231346635303765
61333339633534323338663939636461613030623431633730626466343863383138353139613332
66663530383330356563306331633832326434383330366536386261306465633839653666363336
35653236646634393963643837373466323035313131663861363339613338643536396663663930
61353038383732363534616234393137626239653366636531373864343830343763376631323233
30633766326337613532643330656432643632316465396533303538346262386133306264656134
31393066356336363065316432623232653736646362653633356533616466646536663366343830
66633561323662643132656464643064333332393839326137623036336232353763356165303363
30643837366364626633643539343233316231666361386431626366613261633462333361333439
36303235623966333738306638383233613832366262356637313462386337353733333633343830
65393066363764616536363839626438393738363439363934333866656264633633343337386661
61663836333764383438333065393163633364363331363335333137333364393430613531646134
31336665646264333935353264383130653936303765353431613963343836343036363539363236
39343335653135383934626139333439303663346665653532633632303936356537663336393864
66363933646539336439303764326632376562613161326132623738363934366165396330353030
38316165666461313436303739626638653439386366636161343139623532393731623233663537
66613936663330353838323237306635666566353265316130663930623262313737646530346233
32383536656164336331336665633661326137626463353265336532353033613639336235616533
64663866333637353534643065376532353966633237356138356130336132383762343933323062
31623833386335626363363231373637653235623964343930386337363637666366323665336463
62343938353137306336623364386537363361343766633634343635343430386337616131376665
36636166653965396232363535363736373366383537633666666236666534393835313734376235
35646433336134643630366163346563633138646262633136323338366630646631653464613736
62346166636133613333616339623130636438303165376633363866666131386163326435326331
38636461316461633566653365343536616538393335353634356333613165656430333463633664
31323732393361393139653931393630616230646234656536373037663137326138333337326331
32323761633261643761653537323934333362373735313362306133386139666138363863333062
34653035393837646162653863373465363337613664373435656234616330643763366631323338
31343939623038336331653434613938353432343263373135313137346665356233623064353463
30303937386532353337366663333334663830333662663536353537613130666361656162336131
62666138323636663062613963373338306237656630633833333430663763613531646231613536
39613638363135326263343663396638343264656230376538306138313837623061363536386331
38333038626230363533343237663135646361653833333364633166383139356533376537653834
66356363383736666630363933353937353566346330636538396138333137616361386330366532
62376338373030333435333137643934313462333362633039386564643733396631666261326539
32323863363934303531396530336561666536653131356332663238666463333365643731336539
33373334376439646136636365373939653965663032376436653163663037363762336664306635
32616564643662393261666539646131326365663066306432303536666262633066303330623861
62313633326638393030353965306331663764333663663433393137336532306431636462653637
61666364646163363462383734383062656664306337346264666235333836393333393232313539
63666534613033376264633238303061663637636233343431393439616137623138326265336261
64323834653461343363346563633036333731346237643837336139633539346636313963373335
35393339633263643763633437373834326433333533643631396163316131353762636533333133
63346431303961666535373430623866383838313636643361623232653834613933316361393662
66303763326436663466353962396465336664363264613033313832326537356361653862663866
65303031643766646135353631643261646438653837613532356439656438363230636465376461
62636334643561626138376537343765646234646363356132363736666162373934316539376233
61633562636436653234646635653836646135366232393031633562626663663731393539303730
64623066323238366465656637313139393532323761656266623431303739313233613065346166
34326438616466386563343232636531353632633662366630353462646665653964386631393934
36633962356530666630373638613832636332333239643035363236323562663938663062636531
38326265363964386261313332663934663538656237323739306365336362643033666137353462
64646162356632383134656633626434326365626532303466343031353339643365626135356638
61366466396165626236356164376534333734633636653166623663343363373339353562303464
64303935646436653032343963343066613331363961373831633534616631623461383532643661
34653430386361616266313137373532656365303661313564643931313730333066626333653533
39303934306261656431393464653736383262666138653832653035633265363335346261363461
38653830616536383037653363373738383065373562623936643831636565316138393237363961
62343432623763316138613962306137376230393462633064383461613837303464666431636363
66333363663765313730396432333663646663366234333265656664353131326338323165316565
39313661333365333637376264643633303633366637653363656463333863336337366130623166
33623366346561663838386135336234393263643333633263633662646534333561666533313431
61383535666439333432353130323762663561306161626232373638643537396664363739383039
38313565393533383565373238626166366464333938386237393234613263613265626236313439
61323965623435396363646539396163663763383739303061396138376531336637653133316134
30646636393165346635653732336661343736393465663630376239636464343338636665646163
37333665633035633762353030346365396637323461636262356132346433393232646234626538
33306564343237633666323032383963313339303731666639373035356238316539633065333337
37383138646536666264363039626431306638313131643565636265656664316136666536373131
31366462356662366364313664663735623636333839323863613135656364346539623564616238
39383063363139346433323562346464633136313962396132363163623964323364313664653565
32613464333638363662356638643866363062306562393433373733393731653336323538306131
38303937623132626334616537356531303631353935303033616461336434646136353464306131
37376463616439343531363233323639616238356466653231663538376431663061643837333266
36323933323964373837383937343636333665363363653266653536356636386537613766613735
35623132333031396434336466613434323337306136373236343561303639323438616139313035
66386436343630656665333364363564363736353962656461626435643337336537616333313836
32333538383537336132386361646432666238616262366261306366393563656633626337376131
38393736396561326131343166663263346633613039316539663135613332306634656566643734
38626230633032316366653234323935656566326134623430643634336330363565393636333965
38393031343639363336636435366333616637613031663530313663663637616136393931633933
63343862393336656465636462643334356266393333363439343862336464663933313265613061
38326661333262626566626166333966623332633438373463613439366533623333646465626663
31386233373737333063343235613934316235396438356162633364653233313734633435303234
63306464663632396137383064333831613232383037666435386265316163366162633733346464
62303135366630613533646135323631343764306131393664336232333432356532633239643837
34633262306537653638626664313733646262633636326565383336366636623932323238303930
64343035613462623961656332363630346665333962623162363833313134386261643835366134
30393561646261373932353337306233323134643964353161316438303932623132393064386233
36636538633663396230353865613634363739663332373739396561363366303135346466626561
61386334626361633933316337366633343837636131313531333861666635346463306239656663
34323137316165663664303835383535616164663266313134663935353564653237333362313537
66363437663766346335366634303065376635666166343636393265316231376363643030333662
33643332306433306437323536363163636365363234653838346138343033336236623933303831
61356539373037343038363230373934663331623637643663373337636533633231333936653436
37633965613532363938343037663933313862336639613335353538373463376431336432623364
63343533396130353836316132316231313237306462323138363961616662323733316464383366
65653661376264356633396239666437633431306434336166663434333435643539666433376534
61366561663635623431333738316366343463323132636263333335326532316464666464653462
36346633306135616235383936633462363265663639356163313431323564613135626136633934
31373864613661306238343132623363373335373363653136376134346234643036623630636433
38623831333238623934356164366165373632626162343937393938303738616234383130613663
38316162626130383566303861386337653963353236316535346164373439366533643130393035
66323764623231636661653265353739623261333337343261313564343031376161343561393337
35646133333432353561646530333836633933303063383931653432613465393836636234363534
31396566653333643135666466626565303165323630636638303064343164396261306435323335
36316135363063306633316237336361633864393839353738626231646161313938323761656334
64613036396437613231363635613838356230626239316532353433333330623030633933613635
33306434613364613334363238616562376137313130323035313535333935613538303261643932
37643535376238323832343166353336326164646439663238363839343164316130636332636330
39646435336333376235333538656238343738623661346265333462363538323336323732663338
64343532663836613536646532313665306537333132346232656433313134616531313565663339
32316665323866616462353136343335666262363633653437656138323938323564623031343834
38666662663537313931613838343737313334366135663866303435303766653537613436666331
36616538636230393833373263343537663264303266626333626261343531643238363563393133
63616661616665613930643166383130643138613865393937303231663862373264353739363233
63633231633737636162336437393737643930393037666635393165373166616261306362383566
66626131643333366563343437323761343737353439623230626662303132393936363164653730
65323938333835663937613138366466393431613433663432343161623866303733613239306437
30613362393861656538613936383763396366313936333566613265663662666663323836346538
33613433303162663032373664333736333036373531613562316633633732643138346361386134
62343666303131316136636633356630633165326531616535316232616136353266323364343865
32363730356135623566663631663435396336366638653737643238633663376639623066623031
36646333366138386463623232376265373662616632336462623032396330643131376261366262
35396639313934646364623266346232393731313366333262363335636134633438313961623136
61313535626565613136656437623333393161383438653363383431383138373562333539626133
36303436666161303135376564383036643266643639666338643534313164383032343234336634
303032366566653735303136383935393964
