$ANSIBLE_VAULT;1.1;AES256
63316338353937376537643136316635383335356631353764633430613864636162633565323336
6366343431316365313930336435336638303733633535330a363233353637393163353363663664
38303737663635353339313437653437306134376165386332636235653263386666393866313536
3632303231323834390a336235666666383666353165393236633037353038323137383833633739
65326536626264333061643662613938653137623361353364613763656565636631643339343666
31616638353135643866393562653831646264333237326535613765363665383231386462376232
66643562623333653536306664343738376564386336323932313662633061623938613536373239
37343339303033653861386535393737396433633837663033623563373533326532636364373565
64636165373530396661363737323836383961613165346662373666313163636335363432323630
33363638653633316433363330643536376633613065636630386238363862343935656462636632
643761363064613837363232306636616265
